identifier,level,inBundle,sceneFile,lobOverlaySceneFilename,upgradeCost,upgradeTimeInSeconds,achievementRequirements,levelRequired,HP,attacksPerSecond,attackDuration,attackRange,shotsPerAttack,projectileIdentifier,attackEffects,attackPower,specialAttackPower,finalDestructionDamage,heightAttackBonusPercentage,perAttackPercentageAttackIncrease,perNeighborPercentageAttackIncrease,destructionProbabilities,component,upgradeReward,activeAbilityProjectile,activeAbilityProjectileEffects,activeAbilityEffects,activeAbilityDelay,activeAbilityBusyDuration,activeAbilityEffectDuration,activeAbilityCost,activeAbilityRange,explosionSceneFile,showcaseIsTrackingTarget,inRangeCompoundParticleEffectIdentifier,bonusLabel1,bonusLabel2,requiredBuilderLevel,constructionSceneFile,customUpgradeSceneFile,powerLevel,h
String,Integer,Integer,String,String,String,Integer,String,Integer,Float,Float,Float,Integer,Integer,String,String,Float,Float,Integer,Integer,String,String,String,String,String,String,String,String,Float,Float,Float,Integer,Integer,String,Integer,String,LocalizedString,LocalizedString,Integer,String,String,Integer,String
IceTurretBossUpgrades_1,1,0,bld_iceTurret_level01.lvl,stru_tower_lobLocators.lvl,iceShard:100,990,,,34955,0.5,2,70,15,iceTurret,hpReduction:hpReduction27|slowAttack:slow01,132,515,0,0,,,component:0.2,piercing:2,experience:28,,,hpReduction:hpReductionIceSpecial|slowAttack:slow01|iceShield:buildingsIceShield1|showBattleText:iceShieldText,1.5,1,2,1,90,bld_turret_death.lvl,1,Bone_turret,Ice Shield,,0,,,20,
IceTurretBossUpgrades_2,2,0,bld_iceTurret_level02.lvl,stru_tower_lobLocators.lvl,piercing:145,3510,,2,43215,0.5,2,70,15,iceTurret,hpReduction:hpReduction27|slowAttack:slow01,183,715,0,0,,,component:0.2,piercing:1,experience:98,,,hpReduction:hpReductionIceSpecial|slowAttack:slow01|iceShield:buildingsIceShield2|showBattleText:iceShieldText,1.5,1,2,1,90,bld_turret_death.lvl,1,Bone_turret,Ice Shield,,0,,,37,
IceTurretBossUpgrades_3,3,0,bld_iceTurret_level02.lvl,stru_tower_lobLocators.lvl,iceShard:200,7200,,3,51305,0.5,2,70,15,iceTurret,hpReduction:hpReduction27|slowAttack:slow01,258,1010,0,0,,,component:0.2,piercing:1,experience:225,,,hpReduction:hpReductionIceSpecial|slowAttack:slow01|iceShield:buildingsIceShield3|showBattleText:iceShieldText,1.5,1,2,1,90,bld_turret_death.lvl,1,Bone_turret,Ice Shield,,1,,,60,
IceTurretBossUpgrades_4,4,0,bld_iceTurret_level03.lvl,stru_tower_lobLocators.lvl,piercing:861,10800,,4,59910,0.5,2,70,15,iceTurret,hpReduction:hpReduction27|slowAttack:slow01,351,1375,0,0,,,component:0.195,piercing:2,experience:383,,,hpReduction:hpReductionIceSpecial|slowAttack:slow01|iceShield:buildingsIceShield4|showBattleText:iceShieldText,1.5,1,2,1,90,bld_turret_death.lvl,1,Bone_turret,Ice Shield,,1,,,88,
IceTurretBossUpgrades_5,5,0,bld_iceTurret_level03.lvl,stru_tower_lobLocators.lvl,iceShard:300,16200,,5,71275,0.5,2,70,15,iceTurret,hpReduction:hpReduction27|slowAttack:slow01,477,1871,0,0,,,component:0.19,piercing:3,experience:428,,,hpReduction:hpReductionIceSpecial|slowAttack:slow01|iceShield:buildingsIceShield5|showBattleText:iceShieldText,1.5,1,2,1,90,bld_turret_death.lvl,1,Bone_turret,Ice Shield,,1,,,138,
IceTurretBossUpgrades_6,6,0,bld_iceTurret_level03.lvl,stru_tower_lobLocators.lvl,piercing:1894,21600,,6,84420,0.5,2,70,15,iceTurret,hpReduction:hpReduction27|slowAttack:slow01,647,2541,0,0,,,component:0.185,piercing:5,experience:600,,,hpReduction:hpReductionIceSpecial|slowAttack:slow01|iceShield:buildingsIceShield6|showBattleText:iceShieldText,1.5,1,2,1,90,bld_turret_death.lvl,1,Bone_turret,Ice Shield,,2,,,219,
IceTurretBossUpgrades_7,7,0,bld_iceTurret_level04.lvl,stru_tower_lobLocators.lvl,iceShard:400,28800,,7,99460,0.5,2,70,15,iceTurret,hpReduction:hpReduction27|slowAttack:slow01,873,3433,0,0,,,component:0.18,piercing:8,experience:750,,,hpReduction:hpReductionIceSpecial|slowAttack:slow01|iceShield:buildingsIceShield7|showBattleText:iceShieldText,1.5,1,2,1,90,bld_turret_death.lvl,1,Bone_turret,Ice Shield,,2,,,362,
IceTurretBossUpgrades_8,8,0,bld_iceTurret_level04.lvl,stru_tower_lobLocators.lvl,piercing:3714,36000,,8,116570,0.5,2,70,15,iceTurret,hpReduction:hpReduction27|slowAttack:slow01,1175,4626,0,0,,,component:0.175,piercing:16,experience:750,,,hpReduction:hpReductionIceSpecial|slowAttack:slow01|iceShield:buildingsIceShield8|showBattleText:iceShieldText,1.5,1,2,1,90,bld_turret_death.lvl,1,Bone_turret,Ice Shield,,3,,,581,
IceTurretBossUpgrades_9,9,0,bld_iceTurret_level04.lvl,stru_tower_lobLocators.lvl,iceShard:500,43200,,9,135925,0.5,2,70,15,iceTurret,hpReduction:hpReduction27|slowAttack:slow01,1391,5483,0,0,,,component:0.165,piercing:44,experience:924,,,hpReduction:hpReductionIceSpecial|slowAttack:slow01|iceShield:buildingsIceShield9|showBattleText:iceShieldText,1.5,1,2,1,90,bld_turret_death.lvl,1,Bone_turret,Ice Shield,,3,,,782,
IceTurretBossUpgrades_10,10,0,bld_iceTurret_level04.lvl,stru_tower_lobLocators.lvl,piercing:8712,57600,,10,152685,0.5,2,70,15,iceTurret,hpReduction:hpReduction27|slowAttack:slow01,1562,6165,0,0,,,component:0.155,piercing:79,experience:1264,,,hpReduction:hpReductionIceSpecial|slowAttack:slow01|iceShield:buildingsIceShield10|showBattleText:iceShieldText,1.5,1,2,1,90,bld_turret_death.lvl,1,Bone_turret,Ice Shield,,3,,,1009,
IceTurretBossUpgrades_11,11,0,bld_iceTurret_level05.lvl,stru_tower_lobLocators.lvl,iceShard:600,72000,,11,170825,0.5,2,70,15,iceTurret,hpReduction:hpReduction27|slowAttack:slow01,1748,6907,0,0,,,component:0.145,piercing:97,experience:1298,,,hpReduction:hpReductionIceSpecial|slowAttack:slow01|iceShield:buildingsIceShield11|showBattleText:iceShieldText,1.5,1,2,1,90,bld_turret_death.lvl,1,Bone_turret,Ice Shield,,4,,,1230,
IceTurretBossUpgrades_12,12,0,bld_iceTurret_level05.lvl,stru_tower_lobLocators.lvl,piercing:17819,86400,,12,190360,0.5,2,70,15,iceTurret,hpReduction:hpReduction27|slowAttack:slow01,1947,7703,0,0,,,component:0.135,piercing:125,experience:1667,,,hpReduction:hpReductionIceSpecial|slowAttack:slow01|iceShield:buildingsIceShield12|showBattleText:iceShieldText,1.5,1,2,1,90,bld_turret_death.lvl,1,Bone_turret,Ice Shield,,4,,,1544,
IceTurretBossUpgrades_13,13,0,bld_iceTurret_level05.lvl,stru_tower_lobLocators.lvl,iceShard:700,129600,,13,211910,0.5,2,70,15,iceTurret,hpReduction:hpReduction27|slowAttack:slow01,2166,8580,0,0,,,component:0.125,piercing:164,experience:2058,,,hpReduction:hpReductionIceSpecial|slowAttack:slow01|iceShield:buildingsIceShield13|showBattleText:iceShieldText,1.5,1,2,1,90,bld_turret_death.lvl,1,Bone_turret,Ice Shield,,5,,,1929,
IceTurretBossUpgrades_14,14,0,bld_iceTurret_level05.lvl,stru_tower_lobLocators.lvl,piercing:38115,172800,,14,235905,0.5,2,70,15,iceTurret,hpReduction:hpReduction27|slowAttack:slow01,2412,9566,0,0,,,component:0.12,piercing:206,experience:2118,,,hpReduction:hpReductionIceSpecial|slowAttack:slow01|iceShield:buildingsIceShield14|showBattleText:iceShieldText,1.5,1,2,1,90,bld_turret_death.lvl,1,Bone_turret,Ice Shield,,5,,,2391,
IceTurretBossUpgrades_15,15,0,bld_iceTurret_level05.lvl,stru_tower_lobLocators.lvl,iceShard:800,216000,,15,262625,0.5,2,70,15,iceTurret,hpReduction:hpReduction27|slowAttack:slow01,2684,10657,0,0,,,component:0.12,piercing:249,experience:2546,,,hpReduction:hpReductionIceSpecial|slowAttack:slow01|iceShield:buildingsIceShield15|showBattleText:iceShieldText,1.5,1,2,1,90,bld_turret_death.lvl,1,Bone_turret,Ice Shield,,6,,,2941,
IceTurretBossUpgrades_16,16,0,bld_iceTurret_level05.lvl,stru_tower_lobLocators.lvl,piercing:57617,259200,,15,292365,0.5,2,70,15,iceTurret,hpReduction:hpReduction27|slowAttack:slow01,2988,11879,0,0,,,component:0.12,piercing:249,experience:3000,,,hpReduction:hpReductionIceSpecial|slowAttack:slow01|iceShield:buildingsIceShield16|showBattleText:iceShieldText,1.5,1,2,1,90,bld_turret_death.lvl,1,Bone_turret,Ice Shield,,6,,,3631,
IceTurretBossUpgrades_17,17,0,bld_iceTurret_level05.lvl,stru_tower_lobLocators.lvl,iceShard:900,302400,,15,325475,0.5,2,70,15,iceTurret,hpReduction:hpReduction27|slowAttack:slow01,3326,13238,0,0,,,component:0.12,piercing:249,experience:3097,,,hpReduction:hpReductionIceSpecial|slowAttack:slow01|iceShield:buildingsIceShield17|showBattleText:iceShieldText,1.5,1,2,1,90,bld_turret_death.lvl,1,Bone_turret,Ice Shield,,7,,,4527,
IceTurretBossUpgrades_18,18,0,bld_iceTurret_level05.lvl,stru_tower_lobLocators.lvl,piercing:86400,345600,,15,362335,0.5,2,70,15,iceTurret,hpReduction:hpReduction27|slowAttack:slow01,3702,14753,0,0,,,component:0.12,piercing:249,experience:4000,,,hpReduction:hpReductionIceSpecial|slowAttack:slow01|iceShield:buildingsIceShield18|showBattleText:iceShieldText,1.5,1,2,1,90,bld_turret_death.lvl,1,Bone_turret,Ice Shield,,8,,,5602,
IceTurretBossUpgrades_19,19,0,bld_iceTurret_level05.lvl,stru_tower_lobLocators.lvl,iceShard:1000,388800,,15,425605,0.5,2,70,15,iceTurret,hpReduction:hpReduction27|slowAttack:slow01,4349,17352,0,0,,,component:0.12,piercing:249,experience:5334,,,hpReduction:hpReductionIceSpecial|slowAttack:slow01|iceShield:buildingsIceShield19|showBattleText:iceShieldText,1.5,1,2,1,90,bld_turret_death.lvl,1,Bone_turret,Ice Shield,,9,,,7709,
IceTurretBossUpgrades_20,20,0,bld_iceTurret_level05.lvl,stru_tower_lobLocators.lvl,piercing:154799,432000,,15,499915,0.5,2,70,15,iceTurret,hpReduction:hpReduction27|slowAttack:slow01,5108,20405,0,0,,,component:0.12,piercing:249,experience:7000,,,hpReduction:hpReductionIceSpecial|slowAttack:slow01|iceShield:buildingsIceShield20|showBattleText:iceShieldText,1.5,1,2,1,90,bld_turret_death.lvl,1,Bone_turret,Ice Shield,,10,,,10653,
IceTurretBossUpgrades_21,21,0,bld_iceTurret_level05.lvl,stru_tower_lobLocators.lvl,iceShard:1100,518400,,15,587210,0.5,2,70,15,iceTurret,hpReduction:hpReduction27|slowAttack:slow01,6000,23997,0,0,,,component:0.12,piercing:249,experience:9143,,,hpReduction:hpReductionIceSpecial|slowAttack:slow01|iceShield:buildingsIceShield21|showBattleText:iceShieldText,1.5,1,2,1,90,bld_turret_death.lvl,1,Bone_turret,Ice Shield,,11,,,14683,
IceTurretBossUpgrades_22,22,0,bld_iceTurret_level05.lvl,stru_tower_lobLocators.lvl,piercing:219599,604800,,15,689745,0.5,2,70,15,iceTurret,hpReduction:hpReduction27|slowAttack:slow01,7047,28218,0,0,,,component:0.12,piercing:249,experience:12000,,,hpReduction:hpReductionIceSpecial|slowAttack:slow01|iceShield:buildingsIceShield22|showBattleText:iceShieldText,1.5,1,2,1,90,bld_turret_death.lvl,1,Bone_turret,Ice Shield,,13,,,20281,
IceTurretBossUpgrades_23,23,0,bld_iceTurret_level05.lvl,stru_tower_lobLocators.lvl,iceShard:1200,691200,,15,810185,0.5,2,70,15,iceTurret,hpReduction:hpReduction27|slowAttack:slow01,8276,33179,0,0,,,component:0.12,piercing:249,experience:16000,,,hpReduction:hpReductionIceSpecial|slowAttack:slow01|iceShield:buildingsIceShield23|showBattleText:iceShieldText,1.5,1,2,1,90,bld_turret_death.lvl,1,Bone_turret,Ice Shield,,14,,,27938,
IceTurretBossUpgrades_24,24,0,bld_iceTurret_level05.lvl,stru_tower_lobLocators.lvl,piercing:269232,864000,,15,951660,0.5,2,70,15,iceTurret,hpReduction:hpReduction27|slowAttack:slow01,9722,39023,0,0,,,component:0.12,piercing:249,experience:17600,,,hpReduction:hpReductionIceSpecial|slowAttack:slow01|iceShield:buildingsIceShield24|showBattleText:iceShieldText,1.5,1,2,1,90,bld_turret_death.lvl,1,Bone_turret,Ice Shield,,16,,,38587,
IceTurretBossUpgrades_25,25,0,bld_iceTurret_level05.lvl,stru_tower_lobLocators.lvl,iceShard:1300,864000,,15,1117845,0.5,2,70,15,iceTurret,hpReduction:hpReduction27|slowAttack:slow01,11418,45886,0,0,,,component:0.12,piercing:249,experience:19200,,,hpReduction:hpReductionIceSpecial|slowAttack:slow01|iceShield:buildingsIceShield25|showBattleText:iceShieldText,1.5,1,2,1,90,bld_turret_death.lvl,1,Bone_turret,Ice Shield,,17,,,53227,
IceTurretBossUpgrades_26,26,0,bld_iceTurret_level05.lvl,stru_tower_lobLocators.lvl,piercing:340800,936000,,15,1385410,0.5,2,70,15,iceTurret,hpReduction:hpReduction27|slowAttack:slow01,14150,56933,0,0,,,component:0.12,piercing:249,experience:20800,,,hpReduction:hpReductionIceSpecial|slowAttack:slow01|iceShield:buildingsIceShield26|showBattleText:iceShieldText,1.5,1,2,1,90,bld_turret_death.lvl,1,Bone_turret,Ice Shield,,19,,,81715,
IceTurretBossUpgrades_27,27,0,bld_iceTurret_level05.lvl,stru_tower_lobLocators.lvl,iceShard:1400,1080000,,15,1717025,0.5,2,70,15,iceTurret,hpReduction:hpReduction27|slowAttack:slow01,17537,70644,0,0,,,component:0.12,piercing:249,experience:24000,,,hpReduction:hpReductionIceSpecial|slowAttack:slow01|iceShield:buildingsIceShield27|showBattleText:iceShieldText,1.5,1,2,1,90,bld_turret_death.lvl,1,Bone_turret,Ice Shield,,20,,,125531,
IceTurretBossUpgrades_28,28,0,bld_iceTurret_level05.lvl,stru_tower_lobLocators.lvl,piercing:422592,1152000,,15,2008270,0.5,2,70,15,iceTurret,hpReduction:hpReduction27|slowAttack:slow01,20510,82719,0,0,,,component:0.12,piercing:249,experience:25600,,,hpReduction:hpReductionIceSpecial|slowAttack:slow01|iceShield:buildingsIceShield28|showBattleText:iceShieldText,1.5,1,2,1,90,bld_turret_death.lvl,1,Bone_turret,Ice Shield,,20,,,171793,
IceTurretBossUpgrades_29,29,0,bld_iceTurret_level05.lvl,stru_tower_lobLocators.lvl,iceShard:1500,1224000,,15,2216735,0.5,2,70,15,iceTurret,hpReduction:hpReduction27|slowAttack:slow01,22638,91410,0,0,,,component:0.12,piercing:249,experience:27200,,,hpReduction:hpReductionIceSpecial|slowAttack:slow01|iceShield:buildingsIceShield29|showBattleText:iceShieldText,1.5,1,2,1,90,bld_turret_death.lvl,1,Bone_turret,Ice Shield,,20,,,209236,
IceTurretBossUpgrades_30,30,0,bld_iceTurret_level05.lvl,stru_tower_lobLocators.lvl,piercing:504384,1224000,,15,2446850,0.5,2,70,15,iceTurret,hpReduction:hpReduction27|slowAttack:slow01,24989,101023,0,0,,,component:0.12,piercing:249,experience:30400,,,hpReduction:hpReductionIceSpecial|slowAttack:slow01|iceShield:buildingsIceShield30|showBattleText:iceShieldText,1.5,1,2,1,90,bld_turret_death.lvl,1,Bone_turret,Ice Shield,,20,,,254934,
IceTurretBossUpgrades_31,31,0,bld_iceTurret_level05.lvl,stru_tower_lobLocators.lvl,iceShard:1600,1370990,,15,2700850,0.5,2,70,15,iceTurret,hpReduction:hpReduction27|slowAttack:slow01,27581,111634,0,0,,,component:0.12,piercing:249,experience:32000,,,hpReduction:hpReductionIceSpecial|slowAttack:slow01|iceShield:buildingsIceShield31|showBattleText:iceShieldText,1.5,1,2,1,90,bld_turret_death.lvl,1,Bone_turret,Ice Shield,,20,,,310693,
IceTurretBossUpgrades_32,32,0,bld_iceTurret_level05.lvl,stru_tower_lobLocators.lvl,piercing:586176,1468800,,15,2981230,0.5,2,70,15,iceTurret,hpReduction:hpReduction27|slowAttack:slow01,30444,123368,0,0,,,component:0.12,piercing:249,experience:33600,,,hpReduction:hpReductionIceSpecial|slowAttack:slow01|iceShield:buildingsIceShield32|showBattleText:iceShieldText,1.5,1,2,1,90,bld_turret_death.lvl,1,Bone_turret,Ice Shield,,21,,,378507,
IceTurretBossUpgrades_33,33,0,bld_iceTurret_level05.lvl,stru_tower_lobLocators.lvl,iceShard:1700,1566720,,15,3290705,0.5,2,70,15,iceTurret,hpReduction:hpReduction27|slowAttack:slow01,33603,136331,0,0,,,component:0.12,piercing:249,experience:33600,,,hpReduction:hpReductionIceSpecial|slowAttack:slow01|iceShield:buildingsIceShield33|showBattleText:iceShieldText,1.5,1,2,1,90,bld_turret_death.lvl,1,Bone_turret,Ice Shield,,21,,,461175,
IceTurretBossUpgrades_34,34,0,bld_iceTurret_level05.lvl,stru_tower_lobLocators.lvl,piercing:667968,1664640,,15,3632310,0.5,2,70,15,iceTurret,hpReduction:hpReduction27|slowAttack:slow01,37092,150664,0,0,,,component:0.12,piercing:249,experience:33600,,,hpReduction:hpReductionIceSpecial|slowAttack:slow01|iceShield:buildingsIceShield34|showBattleText:iceShieldText,1.5,1,2,1,90,bld_turret_death.lvl,1,Bone_turret,Ice Shield,,22,,,561920,
IceTurretBossUpgrades_35,35,0,bld_iceTurret_level05.lvl,stru_tower_lobLocators.lvl,iceShard:1800,1762560,,15,4009375,0.5,2,70,15,iceTurret,hpReduction:hpReduction27|slowAttack:slow01,40941,166495,0,0,,,component:0.12,piercing:249,experience:33600,,,hpReduction:hpReductionIceSpecial|slowAttack:slow01|iceShield:buildingsIceShield35|showBattleText:iceShieldText,1.5,1,2,1,90,bld_turret_death.lvl,1,Bone_turret,Ice Shield,,22,,,684551,
IceTurretBossUpgrades_36,36,0,bld_iceTurret_level05.lvl,stru_tower_lobLocators.lvl,piercing:749760,1762560,,15,4425595,0.5,2,70,15,iceTurret,hpReduction:hpReduction27|slowAttack:slow01,45191,183995,0,0,,,component:0.12,piercing:249,experience:33600,,,hpReduction:hpReductionIceSpecial|slowAttack:slow01|iceShield:buildingsIceShield36|showBattleText:iceShieldText,1.5,1,2,1,90,bld_turret_death.lvl,1,Bone_turret,Ice Shield,,23,,,834070,
IceTurretBossUpgrades_37,37,0,bld_iceTurret_level05.lvl,stru_tower_lobLocators.lvl,iceShard:1900,1762560,,15,4885020,0.5,2,70,15,iceTurret,hpReduction:hpReduction27|slowAttack:slow01,49881,203330,0,0,,,component:0.12,piercing:249,experience:33600,,,hpReduction:hpReductionIceSpecial|slowAttack:slow01|iceShield:buildingsIceShield37|showBattleText:iceShieldText,1.5,1,2,1,90,bld_turret_death.lvl,1,Bone_turret,Ice Shield,,23,,,1016253,
IceTurretBossUpgrades_38,38,0,bld_iceTurret_level05.lvl,stru_tower_lobLocators.lvl,piercing:831552,1762560,,15,5392135,0.5,2,70,15,iceTurret,hpReduction:hpReduction27|slowAttack:slow01,55059,224701,0,0,,,component:0.12,piercing:249,experience:33600,,,hpReduction:hpReductionIceSpecial|slowAttack:slow01|iceShield:buildingsIceShield38|showBattleText:iceShieldText,1.5,1,2,1,90,bld_turret_death.lvl,1,Bone_turret,Ice Shield,,24,,,1238156,
IceTurretBossUpgrades_39,39,0,bld_iceTurret_level05.lvl,stru_tower_lobLocators.lvl,iceShard:2000,1762560,,15,5951900,0.5,2,70,15,iceTurret,hpReduction:hpReduction27|slowAttack:slow01,60774,248316,0,0,,,component:0.12,piercing:249,experience:33600,,,hpReduction:hpReductionIceSpecial|slowAttack:slow01|iceShield:buildingsIceShield39|showBattleText:iceShieldText,1.5,1,2,1,90,bld_turret_death.lvl,1,Bone_turret,Ice Shield,,24,,,1508550,
IceTurretBossUpgrades_40,40,0,bld_iceTurret_level05.lvl,stru_tower_lobLocators.lvl,piercing:913344,1762560,,15,6569770,0.5,2,70,15,iceTurret,hpReduction:hpReduction27|slowAttack:slow01,67082,274412,0,0,,,component:0.12,piercing:249,experience:33600,,,hpReduction:hpReductionIceSpecial|slowAttack:slow01|iceShield:buildingsIceShield40|showBattleText:iceShieldText,1.5,1,2,1,90,bld_turret_death.lvl,1,Bone_turret,Ice Shield,,25,,,1837954,
IceTurretBossUpgrades_41,41,0,bld_iceTurret_level05.lvl,stru_tower_lobLocators.lvl,iceShard:2100,2290604,,15,7251785,0.5,2,70,15,iceTurret,hpReduction:hpReduction27|slowAttack:slow01,74045,303251,0,0,,,component:0.12,piercing:249,experience:35349,,,hpReduction:hpReductionIceSpecial|slowAttack:slow01|iceShield:buildingsIceShield41|showBattleText:iceShieldText,1.5,1,2,1,90,bld_turret_death.lvl,1,Bone_turret,Ice Shield,,25,,,2239284,
IceTurretBossUpgrades_42,42,0,bld_iceTurret_level05.lvl,stru_tower_lobLocators.lvl,piercing:995136,2743903,,15,8004600,0.5,2,70,15,iceTurret,hpReduction:hpReduction27|slowAttack:slow01,81731,335122,0,0,,,component:0.12,piercing:249,experience:42345,,,hpReduction:hpReductionIceSpecial|slowAttack:slow01|iceShield:buildingsIceShield42|showBattleText:iceShieldText,1.5,1,2,1,90,bld_turret_death.lvl,1,Bone_turret,Ice Shield,,26,,,2728436,
IceTurretBossUpgrades_43,43,0,bld_iceTurret_level05.lvl,stru_tower_lobLocators.lvl,iceShard:2200,3197201,,15,8835570,0.5,2,70,15,iceTurret,hpReduction:hpReduction27|slowAttack:slow01,90215,370342,0,0,,,component:0.12,piercing:249,experience:49340,,,hpReduction:hpReductionIceSpecial|slowAttack:slow01|iceShield:buildingsIceShield43|showBattleText:iceShieldText,1.5,1,2,1,90,bld_turret_death.lvl,1,Bone_turret,Ice Shield,,26,,,3324229,
IceTurretBossUpgrades_44,44,0,bld_iceTurret_level05.lvl,stru_tower_lobLocators.lvl,piercing:1076928,3650500,,15,9752800,0.5,2,70,15,iceTurret,hpReduction:hpReduction27|slowAttack:slow01,99579,409260,0,0,,,component:0.12,piercing:249,experience:56335,,,hpReduction:hpReductionIceSpecial|slowAttack:slow01|iceShield:buildingsIceShield44|showBattleText:iceShieldText,1.5,1,2,1,90,bld_turret_death.lvl,1,Bone_turret,Ice Shield,,27,,,4050265,
IceTurretBossUpgrades_45,45,0,bld_iceTurret_level05.lvl,stru_tower_lobLocators.lvl,iceShard:2300,4103799,,15,10765250,0.5,2,70,15,iceTurret,hpReduction:hpReduction27|slowAttack:slow01,109916,452271,0,0,,,component:0.12,piercing:249,experience:63331,,,hpReduction:hpReductionIceSpecial|slowAttack:slow01|iceShield:buildingsIceShield45|showBattleText:iceShieldText,1.5,1,2,1,90,bld_turret_death.lvl,1,Bone_turret,Ice Shield,,27,,,4934672,
IceTurretBossUpgrades_46,46,0,bld_iceTurret_level05.lvl,stru_tower_lobLocators.lvl,piercing:1158720,4177339,,15,11882800,0.5,2,70,15,iceTurret,hpReduction:hpReduction27|slowAttack:slow01,121326,499802,0,0,,,component:0.12,piercing:249,experience:70326,,,hpReduction:hpReductionIceSpecial|slowAttack:slow01|iceShield:buildingsIceShield46|showBattleText:iceShieldText,1.5,1,2,1,90,bld_turret_death.lvl,1,Bone_turret,Ice Shield,,28,,,6012387,
IceTurretBossUpgrades_47,47,0,bld_iceTurret_level05.lvl,stru_tower_lobLocators.lvl,iceShard:2400,4314507,,15,13116380,0.5,2,70,15,iceTurret,hpReduction:hpReduction27|slowAttack:slow01,133920,552326,0,0,,,component:0.12,piercing:249,experience:77321,,,hpReduction:hpReductionIceSpecial|slowAttack:slow01|iceShield:buildingsIceShield47|showBattleText:iceShieldText,1.5,1,2,1,90,bld_turret_death.lvl,1,Bone_turret,Ice Shield,,28,,,6447494,
IceTurretBossUpgrades_48,48,0,bld_iceTurret_level05.lvl,stru_tower_lobLocators.lvl,piercing:1240512,4553079,,15,14478015,0.5,2,70,15,iceTurret,hpReduction:hpReduction27|slowAttack:slow01,147822,610372,0,0,,,component:0.12,piercing:249,experience:84317,,,hpReduction:hpReductionIceSpecial|slowAttack:slow01|iceShield:buildingsIceShield48|showBattleText:iceShieldText,1.5,1,2,1,90,bld_turret_death.lvl,1,Bone_turret,Ice Shield,,29,,,6621751,
IceTurretBossUpgrades_49,49,0,bld_iceTurret_level05.lvl,stru_tower_lobLocators.lvl,iceShard:2500,4602106,,15,15981010,0.5,2,70,15,iceTurret,hpReduction:hpReduction27|slowAttack:slow01,163167,674516,0,0,,,component:0.12,piercing:249,experience:91312,,,hpReduction:hpReductionIceSpecial|slowAttack:slow01|iceShield:buildingsIceShield49|showBattleText:iceShieldText,1.5,1,2,1,90,bld_turret_death.lvl,1,Bone_turret,Ice Shield,,29,,,6796007,
IceTurretBossUpgrades_50,50,0,bld_iceTurret_level05.lvl,stru_tower_lobLocators.lvl,piercing:1322304,4777719,,15,17640025,0.5,2,70,15,iceTurret,hpReduction:hpReduction27|slowAttack:slow01,180105,745401,0,0,,,component:0.12,piercing:249,experience:98307,,,hpReduction:hpReductionIceSpecial|slowAttack:slow01|iceShield:buildingsIceShield50|showBattleText:iceShieldText,1.5,1,2,1,90,bld_turret_death.lvl,1,Bone_turret,Ice Shield,,30,,,6970264,
IceTurretBossUpgrades_51,51,0,bld_iceTurret_level05.lvl,stru_tower_lobLocators.lvl,iceShard:2600,5000000,,15,19471280,0.5,2,70,15,iceTurret,hpReduction:hpReduction27|slowAttack:slow01,203108,841578,0,0,,,component:0.12,piercing:249,experience:101805,,,hpReduction:hpReductionIceSpecial|slowAttack:slow01|iceShield:buildingsIceShield51|showBattleText:iceShieldText,1.5,1,2,1,90,bld_turret_death.lvl,1,Bone_turret,Ice Shield,,30,,,7307020,
IceTurretBossUpgrades_52,52,0,bld_iceTurret_level05.lvl,stru_tower_lobLocators.lvl,piercing:1363200,5000000,,15,21492635,0.5,2,70,15,iceTurret,hpReduction:hpReduction27|slowAttack:slow01,226110,937972,0,0,,,component:0.12,piercing:249,experience:105303,,,hpReduction:hpReductionIceSpecial|slowAttack:slow01|iceShield:buildingsIceShield52|showBattleText:iceShieldText,1.5,1,2,1,90,bld_turret_death.lvl,1,Bone_turret,Ice Shield,,30,,,8151091,
IceTurretBossUpgrades_53,53,0,bld_iceTurret_level05.lvl,stru_tower_lobLocators.lvl,iceShard:2700,5000000,,15,23723835,0.5,2,70,15,iceTurret,hpReduction:hpReduction27|slowAttack:slow01,249114,1034595,0,0,,,component:0.12,piercing:249,experience:106000,,,hpReduction:hpReductionIceSpecial|slowAttack:slow01|iceShield:buildingsIceShield53|showBattleText:iceShieldText,1.5,1,2,1,90,bld_turret_death.lvl,1,Bone_turret,Ice Shield,,31,,,9026870,
IceTurretBossUpgrades_54,54,0,bld_iceTurret_level05.lvl,stru_tower_lobLocators.lvl,piercing:1404096,5000000,,15,26186665,0.5,2,70,15,iceTurret,hpReduction:hpReduction27|slowAttack:slow01,272117,1131435,0,0,,,component:0.12,piercing:249,experience:106000,,,hpReduction:hpReductionIceSpecial|slowAttack:slow01|iceShield:buildingsIceShield54|showBattleText:iceShieldText,1.5,1,2,1,90,bld_turret_death.lvl,1,Bone_turret,Ice Shield,,32,,,9934355,
IceTurretBossUpgrades_55,55,0,bld_iceTurret_level05.lvl,stru_tower_lobLocators.lvl,iceShard:2800,5000000,,15,28905165,0.5,2,70,15,iceTurret,hpReduction:hpReduction27|slowAttack:slow01,295119,1228492,0,0,,,component:0.12,piercing:249,experience:106000,,,hpReduction:hpReductionIceSpecial|slowAttack:slow01|iceShield:buildingsIceShield55|showBattleText:iceShieldText,1.5,1,2,1,90,bld_turret_death.lvl,1,Bone_turret,Ice Shield,,33,,,10873548,
IceTurretBossUpgrades_56,56,0,bld_iceTurret_level05.lvl,stru_tower_lobLocators.lvl,piercing:1444992,5000000,,15,31905880,0.5,2,70,15,iceTurret,hpReduction:hpReduction27|slowAttack:slow01,321680,1340601,0,0,,,component:0.12,piercing:249,experience:106000,,,hpReduction:hpReductionIceSpecial|slowAttack:slow01|iceShield:buildingsIceShield56|showBattleText:iceShieldText,1.5,1,2,1,90,bld_turret_death.lvl,1,Bone_turret,Ice Shield,,33,,,11844448,
IceTurretBossUpgrades_57,57,0,bld_iceTurret_level05.lvl,stru_tower_lobLocators.lvl,iceShard:2900,5000000,,15,35218110,0.5,2,70,15,iceTurret,hpReduction:hpReduction27|slowAttack:slow01,350631,1462938,0,0,,,component:0.12,piercing:249,experience:106000,,,hpReduction:hpReductionIceSpecial|slowAttack:slow01|iceShield:buildingsIceShield57|showBattleText:iceShieldText,1.5,1,2,1,90,bld_turret_death.lvl,1,Bone_turret,Ice Shield,,34,,,12847055,
IceTurretBossUpgrades_58,58,0,bld_iceTurret_level05.lvl,stru_tower_lobLocators.lvl,piercing:1485888,5000000,,15,38874185,0.5,2,70,15,iceTurret,hpReduction:hpReduction27|slowAttack:slow01,382188,1596437,0,0,,,component:0.12,piercing:249,experience:106000,,,hpReduction:hpReductionIceSpecial|slowAttack:slow01|iceShield:buildingsIceShield58|showBattleText:iceShieldText,1.5,1,2,1,90,bld_turret_death.lvl,1,Bone_turret,Ice Shield,,35,,,13881370,
IceTurretBossUpgrades_59,59,0,bld_iceTurret_level05.lvl,stru_tower_lobLocators.lvl,iceShard:3000,5000000,,15,42909815,0.5,2,70,15,iceTurret,hpReduction:hpReduction27|slowAttack:slow01,416585,1742117,0,0,,,component:0.12,piercing:249,experience:106000,,,hpReduction:hpReductionIceSpecial|slowAttack:slow01|iceShield:buildingsIceShield59|showBattleText:iceShieldText,1.5,1,2,1,90,bld_turret_death.lvl,1,Bone_turret,Ice Shield,,35,,,14947391,
IceTurretBossUpgrades_60,60,0,bld_iceTurret_level05.lvl,stru_tower_lobLocators.lvl,piercing:1526784,5000000,,15,47364390,0.5,2,70,15,iceTurret,hpReduction:hpReduction27|slowAttack:slow01,458243,1918526,0,0,,,component:0.12,piercing:249,experience:106000,,,hpReduction:hpReductionIceSpecial|slowAttack:slow01|iceShield:buildingsIceShield60|showBattleText:iceShieldText,1.5,1,2,1,90,bld_turret_death.lvl,1,Bone_turret,Ice Shield,,36,,,16045120,
IceTurretBossUpgrades_61,61,0,bld_iceTurret_level05.lvl,stru_tower_lobLocators.lvl,iceShard:3500,5000000,,15,49762210,0.5,2,70,15,iceTurret,hpReduction:hpReduction27|slowAttack:slow01,482663,2023082,0,0,,,component:0.12,piercing:249,experience:106000,,,hpReduction:hpReductionIceSpecial|slowAttack:slow01|iceShield:buildingsIceShield61|showBattleText:iceShieldText,1.5,1,2,1,90,bld_turret_death.lvl,1,Bone_turret,Ice Shield,,37,,,16605875,
IceTurretBossUpgrades_62,62,0,bld_iceTurret_level05.lvl,stru_tower_lobLocators.lvl,piercing:1772160,5000000,,15,52281415,0.5,2,70,15,iceTurret,hpReduction:hpReduction27|slowAttack:slow01,507098,2127935,0,0,,,component:0.12,piercing:249,experience:106000,,,hpReduction:hpReductionIceSpecial|slowAttack:slow01|iceShield:buildingsIceShield62|showBattleText:iceShieldText,1.5,1,2,1,90,bld_turret_death.lvl,1,Bone_turret,Ice Shield,,37,,,17174556,
IceTurretBossUpgrades_63,63,0,bld_iceTurret_level05.lvl,stru_tower_lobLocators.lvl,iceShard:4000,5000000,,15,54928150,0.5,2,70,15,iceTurret,hpReduction:hpReduction27|slowAttack:slow01,532769,2238216,0,0,,,component:0.12,piercing:249,experience:106000,,,hpReduction:hpReductionIceSpecial|slowAttack:slow01|iceShield:buildingsIceShield63|showBattleText:iceShieldText,1.5,1,2,1,90,bld_turret_death.lvl,1,Bone_turret,Ice Shield,,38,,,17751164,
IceTurretBossUpgrades_64,64,0,bld_iceTurret_level05.lvl,stru_tower_lobLocators.lvl,piercing:1813056,5000000,,15,57708875,0.5,2,70,15,iceTurret,hpReduction:hpReduction27|slowAttack:slow01,559740,2354210,0,0,,,component:0.12,piercing:249,experience:106000,,,hpReduction:hpReductionIceSpecial|slowAttack:slow01|iceShield:buildingsIceShield64|showBattleText:iceShieldText,1.5,1,2,1,90,bld_turret_death.lvl,1,Bone_turret,Ice Shield,,39,,,18335699,
IceTurretBossUpgrades_65,65,0,bld_iceTurret_level05.lvl,stru_tower_lobLocators.lvl,iceShard:5000,5000000,,15,60630385,0.5,2,70,15,iceTurret,hpReduction:hpReduction27|slowAttack:slow01,588077,2476216,0,0,,,component:0.12,piercing:249,experience:106000,,,hpReduction:hpReductionIceSpecial|slowAttack:slow01|iceShield:buildingsIceShield65|showBattleText:iceShieldText,1.5,1,2,1,90,bld_turret_death.lvl,1,Bone_turret,Ice Shield,,39,,,18928161,!@#oenhbhamhhjngcml